789
956
952
823
778
938
834
797
930
932
945
931
912
964
837
783
831
863
854
795
904
792
884
971
820
920
882
912
958
1014
827
790
880
787
787
939
925
830
916
868
825
944
956
787
807
804
941
878
899
892
936
916
855
838
806
823
869
843
821
799
787
840
864
826
903
946
936
822
895
889
885
813
855
880
857
960
944
823
894
870
898
906
783
961
958
950
792
814
799
834
821
819
871
912
950
955
879
877
859
850
